77
87
221
73
104
324
69
131
84
191
128
100
181
220
140
111
240
108
191
91
81
175
206
196
78
114
583
71
154
206
176
357
122
219
72
288
180
397
153
112
90
88
171
113
142
152
154
1102
1162
217
70
344
365
468
342
701
199
65
503
576
408
174
231
325
88
176
254
324
275
95
196
112
435
66
147
97
485
438
166
563
294
288
690
238
497
134
249
373
370
412
82
199
449
724
88
394
460
115
93
404
362
812
509
235
482
93
285
652
277
405
96
396
354
248
761
444
412
220
608
401
140
265
705
199
186
410
196
461
309
176
468
459
383
200
350
254
263
142
289
489
382
272
143
154
145
302
276
265
106
167
183
69
584
950
214
624
255
370
155
69
150
334
195
641
443
68
307
85
302
158
316
207
567
302
163
262
113
483
582
451
66
496
417
149
368
610
67
472
280
208
221
84
108
442
103
400
238
445
359
243
333
304
219
112
656
104
76
152
293
705
419
324
203
677
553
464
225
68
196
101
200
162
322
212
88
110
211
430
449
109
335
74
449
193
145
228
140
121
135
631
420
357
147
170
108
82
391
471
93
294
98
141
578
840
102
480
114
187
331
178
939
584
200
479
826
201
475
352
337
335
315
72
65
79
393
471
481
170
237
232
145
349
462
213
169
621
76
220
441
80
278
404
163
200
65
127
210
440
294
284
628
326
267
422
169
136
70
211
657
386
96
644
330
224
229
139
178
91
757
222
621
341
388
261
399
229
475
236
148
174
86
115
561
191
122
209
252
389
490
165
297
106
439
107
123
531
76
255
157
375
217
364
96
194
447
241
540
621
513
497
330
662
299
509
305
109
149
225
80
239
420
264
181
347
215
477
479
136
677
317
436
78
106
168
273
155
284
1018
188
501
371
341
691
299
590
301
302
114
209
552
102
200
267
94
802
283
66
265
123
394
77
137
322
240
75
160
602
426
139
367
407
266
93
486
488
250
277
515
352
315
189
583
437
141
254
302
368
429
113
186
80
82
134
112
170
204
196
222
196
262
62
150
298
118
375
390
559
187
561
412
300
63
228
83
304
275
196
67
252
93
67
445
295
954
269
378
464
989
584
604
428
600
71
141
537
463
577
267
548
300
170
524
393
313
165
241
211
414
226
112
97
637
266
99
481
543
371
953
89
222
1015
83
124
121
112
155
162
390
346
436
74
528
301
75
174
179
242
674
70
178
448
356
351
569
103
261
75
181
164
333
123
74
383
89
266
138
264
662
74
285
174
177
268
361
85
312
565
230
339
552
571
489
205
136
248
153
97
116
96
217
122
199
65
194
141
66
158
636
240
201
179
69
107
168
177
236
445
247
304
197
551
266
83
302
157
222
69
100
176
377
130
226
273
124
244
324
163
101
165
482
701
110
188
225
654
337
345
159
652
610
89
323
177
157
265
151
182
146
223
552
347
191
197
459
90
211
318
221
151
300
230
250
82
459
63
84
288
369
584
352
167
430
535
600
263
396
498
195
154
303
436
186
129
385
610
444
162
71
172
753
287
429
74
163
235
516
73
654
380
191
149
336
312
95
228
189
420
521
406
380
174
434
733
74
143
402
322
87
302
325
386
326
221
127
469
200
93
197
217
80
146
115
149
528
460
671
346
225
191
183
187
214
444
661
362
177
513
87
178
134
550
391
144
158
248
367
152
325
187
105
114
226
234
555
261
208
118
199
239
312
129
886
433
267
326
356
333
203
150
220
137
123
251
153
625
114
431
80
182
141
274
354
547
489
390
233
142
172
411
161
201
244
156
94
425
83
269
195
298
414
66
346
498
286
302
391
593
88
650
201
346
500
109
661
675
164
93
101
307
118
207
452
594
417
352
270
159
277
422
197
271
370
322
349
251
87
154
84
70
77
68
235
652
328
396
324
305
522
124
233
219
219
209
184
169
700
93
251
616
80
396
395
178
312
382
211
442
449
300
510
464
189
157
907
467
201
70
80
123
300
268
222
187
77
585
449
348
196
490
242
117
244
104
269
288
174
111
387
254
679
304
259
453
513
314
78
113
403
288
373
406
568
566
351
485
232
82
181
111
261
344
377
87
311
595
332
91
297
360
265
140
108
468
663
352
214
415
476
223
419
98
369
101
488
453
322
394
152
381
495
323
246
193
305
256
184
530
376
232
322
130
214
121
226
100
246
136
426
561
173
73
80
558
238
102
219
197
220
83
228
76
196
319
412
146
184
162
500
424
533
496
173
383
200
185
413
401
251
70
64
259
307
164
379
153
80
478
512
125
71
614
128
208
234
622
818
182
71
279
89
211
81
383
137
66
85
204
138
156
457
155
137
259
89
79
554
84
222
640
88
244
331
372
436
432
478
405
407
483
141
226
209
70
1054
332
353
207
224
184
243
537
285
442
154
220
357
88
354
717
210
340
141
251
665
150
456
120
109
577
716
309
111
82
188
324
342
61
438
419
124
444
228
220
343
209
167
165
249
537
293
156
397
206
227
225
264
212
405
275
173
309
187
367
493
135
252
353
69
283
266
82
84
293
196
172
373
80
207
68
159
979
161
212
232
101
715
75
251
341
156
114
66
349
135
75
170
96
87
529
87
294
94
427
491
392
645
285
176
485
661
156
119
253
371
579
353
492
691
954
501
1515
128
440
64
151
77
299
76
657
136
305
636
99
335
485
676
322
673
364
450
611
393
209
532
201
132
120
180
760
196
307
231
354
288
557
464
144
327
128
411
149
341
293
201
119
432
385
422
590
347
161
379
370
265
114
218
294
551
590
250
73
482
314
252
146
102
170
331
407
86
231
90
389
142
81
82
377
118
253
72
550
453
376
362
344
193
76
358
150
212
82
154
87
293
218
333
202
87
76
236
408
192
428
319
434
288
74
20
82
66
69
534
226
234
267
157
234
404
138
329
306
432
694
272
333
396
380
266
749
378
367
200
460
369
119
256
230
229
318
219
209
218
634
263
229
152
65
270
207
310
234
546
316
436
174
171
229
370
133
221
217
130
87
143
166
296
426
212
159
141
85
444
290
374
187
605
369
180
446
624
291
753
674
428
561
300
471
214
96
166
154
186
256
179
98
162
519
107
230
449
292
382
238
338
802
723
469
335
124
153
87
154
88
77
63
84
363
352
157
259
152
178
481
484
389
135
163
734
349
244
455
123
152
86
104
385
256
92
159
119
384
392
252
353
317
380
90
84
188
324
480
67
207
224
94
119
712
692
209
411
307
90
94
558
72
95
71
444
385
523
580
537
724
157
98
186
291
233
362
185
211
218
521
286
217
323
696
406
339
303
361
392
180
300
104
221
133
140
854
260
65
337
220
371
327
295
240
464
277
382
535
295
419
479
181
233
229
68
123
92
255
477
213
510
315
79
173
174
325
102
145
357
248
309
447
87
276
224
369
234
178
181
173
81
170
187
147
148
123
162
133
143
151
113
276
69
112
209
411
308
73
255
121
174
175
80
274
428
533
64
164
179
598
347
318
281
333
81
236
240
379
380
230
126
129
184
349
523
462
375
125
73
482
349
544
446
297
369
74
67
139
70
89
317
323
239
181
209
411
487
79
370
194
314
102
130
336
677
345
73
911
233
290
282
243
515
189
219
598
449
188
795
124
309
274
74
282
688
490
234
302
328
83
368
87
200
127
310
461
902
161
100
203
289
381
222
340
391
549
153
298
255
167
188
491
276
741
482
483
129
89
93
291
533
121
148
154
88
96
63
122
315
575
228
90
125
286
996
214
525
523
336
68
177
217
309
379
194
124
262
418
203
371
446
758
140
121
105
428
218
134
388
196
84
214
509
370
66
90
211
125
661
89
408
290
504
80
63
321
677
469
286
233
278
243
411
128
63
76
154
75
197
346
128
537
89
142
228
132
900
330
459
151
641
163
483
135
63
91
154
74
560
356
150
402
355
351
207
238
402
296
167
242
192
163
67
111
128
292
329
157
208
262
304
389
314
176
341
63
73
154
68
96
154
82
9
225
474
99
188
207
125
178
1897
245
250
282
291
127
339
191
115
655
64
73
75
96
143
433
227
314
369
585
191
214
157
316
635
287
236
336
313
464
145
248
277
78
189
188
476
180
472
406
212
130
448
422
304
30
107
227
847
128
578
96
308
524
227
332
189
356
317
502
312
107
238
285
97
286
114
347
175
134
226
94
261
153
440
279
496
389
145
354
437
283
254
253
538
329
108
220
521
239
226
235
111
116
386
61
67
77
646
570
881
314
275
366
143
166
419
542
230
109
274
223
510
245
250
397
673
75
373
265
644
135
131
358
238
475
383
241
122
353
177
457
99
207
191
217
543
230
156
215
147
146
368
65
71
159
85
112
543
131
344
453
205
150
345
491
206
350
239
440
109
66
511
237
313
339
311
151
543
103
123
210
143
308
231
335
361
186
643
394
614
139
230
308
449
235
224
577
100
123
562
142
774
250
403
124
268
78
97
310
596
226
271
907
297
257
508
386
389
237
217
345
1136
114
166
508
500
684
438
494
476
471
498
76
167
541
585
66
102
218
148
407
167
92
705
192
132
198
435
485
254
197
226
369
115
374
346
283
680
458
108
91
81
371
138
607
475
502
228
83
461
219
138
162
67
485
520
513
940
398
85
540
397
64
518
482
143
451
900
1041
70
124
138
226
210
300
403
299
289
273
271
152
387
288
485
117
75
236
372
91
101
351
128
359
423
103
228
138
83
197
188
430
344
270
376
592
258
223
393
312
474
156
331
377
352
279
188
274
314
308
230
172
231
70
518
590
290
154
99
141
171
94
813
511
308
70
97
476
3265
251
156
72
820
72
355
175
335
119
69
70
134
190
386
80
226
1076
137
393
174
120
97
339
139
165
242
498
547
282
206
148
507
155
506
385
149
247
198
202
126
556
435
182
353
375
243
83
302
101
242
237
385
582
295
635
224
263
306
131
259
559
487
388
303
239
431
62
271
165
342
192
105
62
795
220
74
202
102
185
86
169
103
146
846
127
83
144
151
779
184
405
87
438
251
138
897
272
104
77
110
492
612
411
324
245
169
308
323
205
321
314
291
277
680
164
255
126
223
141
458
440
78
476
569
223
391
389
139
470
265
74
388
522
314
218
93
88
292
79
460
350
110
413
312
384
206
72
561
463
688
338
563
92
328
143
149
348
170
166
160
113
240
276
450
208
256
190
164
162
544
579
329
639
224
455
97
510
271
104
486
325
192
249
321
186
461
320
333
466
1175
96
453
150
197
114
590
392
491
301
309
348
153
369
322
113
72
541
257
137
542
96
312
278
287
484
196
145
608
516
270
327
192
313
314
227
341
328
592
69
141
119
174
172
67
230
611
270
676
111
91
506
285
237
83
110
200
120
117
134
141
174
187
90
321
343
233
753
493
341
61
234
92
187
152
145
137
519
88
97
77
137
197
73
116
96
138
71
265
431
254
233
224
187
233
218
162
356
190
303
624
226
390
394
482
353
172
127
120
141
316
102
179
87
184
347
139
346
305
272
301
478
66
253
177
110
307
290
426
510
115
90
546
332
496
534
444
566
87
340
211
550
250
251
70
879
444
439
69
67
227
506
328
173
178
142
193
177
402
179
138
642
132
536
146
263
406
108
140
65
750
78
181
109
580
68
143
408
423
303
116
139
322
431
278
214
121
173
235
543
234
139
391
440
576
497
116
70
338
458
353
210
112
183
71
98
168
85
1132
451
105
368
220
446
423
265
276
122
391
578
129
67
372
501
236
73
245
96
791
619
231
330
109
490
268
883
98
219
157
198
661
178
302
83
240
85
366
327
400
415
382
66
86
199
296
99
313
222
769
423
295
292
146
365
105
107
111
107
148
239
164
435
96
501
87
162
333
189
528
568
567
545
311
195
196
306
254
327
714
240
583
436
341
295
144
247
704
210
449
400
240
615
348
222
198
248
386
188
381
87
258
246
347
332
149
207
264
313
170
194
361
196
190
72
243
294
299
175
220
255
308
89
336
147
241
844
264
989
379
108
595
246
311
291
426
381
67
228
658
236
113
172
182
362
654
252
322
836
658
466
80
187
536
611
246
279
258
418
133
596
304
551
332
686
84
853
333
342
202
640
147
136
350
126
217
288
475
372
337
283
83
189
510
345
688
579
194
270
502
112
324
81
432
378
197
403
422
848
92
64
115
212
225
75
240
367
255
359
301
506
75
79
202
128
299
260
252
403
242
77
335
519
132
193
658
306
242
471
85
239
349
100
272
149
170
366
138
263
705
283
80
297
81
197
151
272
198
330
85
88
101
144
139
213
482
247
147
168
182
134
229
466
134
393
220
216
114
77
199
330
170
120
626
206
199
141
380
335
665
260
581
424
72
226
221
239
94
207
400
80
245
116
68
225
271
293
208
528
326
189
338
428
159
142
227
363
258
217
210
148
62
327
257
431
358
374
76
343
394
342
319
74
158
395
599
71
235
346
107
104
349
322
73
274
80
338
360
379
749
361
251
623
371
101
191
168
597
94
306
70
323
447
88
109
72
215
321
166
63
478
267
502
705
135
269
135
281
79
92
197
203
146
481
426
214
136
134
125
93
531
203
223
75
130
133
211
128
401
77
135
69
191
113
229
259
91
380
135
151
123
151
103
121
293
72
70
357
155
118
289
207
74
319
267
89
345
165
252
351
646
203
69
76
441
490
59
630
238
65
234
172
140
98
196
111
91
138
99
228
130
89
114
270
275
125
72
149
107
170
227
100
269
69
298
223
92
100
91
149
0
