138
168
343
144
217
590
134
191
147
276
251
157
276
310
189
225
486
148
245
149
146
360
385
375
153
209
1089
132
199
310
330
565
234
360
150
509
252
672
254
166
115
171
262
234
291
253
239
1815
1765
435
129
513
593
852
610
965
277
109
808
779
543
357
319
450
183
228
473
492
422
196
339
194
692
129
239
127
866
619
338
893
453
431
983
498
1226
263
439
531
583
746
164
369
741
968
177
567
734
249
192
587
521
1222
839
408
851
198
395
983
381
674
210
582
516
492
1557
904
788
453
1217
571
282
537
1020
414
338
680
390
761
630
349
648
782
579
366
469
485
381
273
499
762
598
457
293
212
285
605
431
393
212
332
296
141
941
1491
359
876
392
477
212
135
303
593
327
1009
649
126
475
159
529
287
461
420
888
467
290
458
222
680
868
858
93
734
787
228
714
842
129
720
516
373
404
165
213
624
178
677
443
692
505
315
617
555
416
179
910
184
162
317
524
1032
576
559
345
986
978
743
468
132
354
183
328
267
567
356
174
213
417
606
631
214
457
156
629
338
258
378
282
230
264
959
837
637
297
321
207
137
748
720
143
578
195
268
937
1135
191
740
228
379
493
318
1305
900
355
778
1113
345
875
694
459
428
476
141
129
168
701
697
693
299
456
417
204
601
691
436
336
982
153
435
612
153
532
578
336
308
132
261
315
704
600
418
885
621
515
633
348
193
135
293
855
575
178
1162
510
447
469
275
253
160
1172
428
862
696
603
504
682
464
909
477
275
357
164
191
1092
381
217
343
338
598
793
317
577
225
769
210
241
702
115
500
324
514
296
624
189
295
718
455
788
905
685
700
551
924
549
757
545
219
217
378
150
455
650
383
372
459
411
657
711
208
967
595
652
122
167
335
419
229
481
1537
345
843
710
513
1200
419
971
592
452
234
368
758
210
307
396
192
1106
462
138
357
232
652
161
273
624
319
147
324
1154
663
181
495
567
414
147
695
825
398
408
1028
571
529
380
1070
712
268
357
581
736
704
202
296
132
162
226
221
243
420
406
327
355
508
135
294
591
231
544
609
851
375
898
568
461
130
391
156
548
533
353
135
456
186
135
709
519
1672
540
542
633
1383
956
954
663
851
141
246
803
625
980
379
805
586
356
857
645
521
318
408
429
730
330
231
168
992
482
197
902
1146
637
1404
192
415
1381
137
264
157
209
210
339
735
511
579
147
745
502
139
354
363
388
1145
141
369
674
577
571
836
155
354
117
287
217
664
236
153
603
180
523
267
405
959
135
463
323
321
452
545
158
610
1112
446
526
977
1055
834
411
282
349
294
141
239
148
291
183
306
119
313
268
121
317
1302
449
317
258
127
212
320
299
357
839
371
393
414
1082
493
174
613
240
459
135
189
343
497
262
477
385
233
408
662
322
207
314
677
1217
217
344
431
897
626
535
324
877
825
182
458
360
263
401
231
300
285
355
805
640
382
410
600
180
414
514
418
214
506
349
421
165
620
132
165
527
635
839
531
257
756
788
852
534
595
718
385
271
508
715
341
300
533
992
614
316
141
335
1016
393
581
147
320
372
753
150
949
532
289
297
555
522
186
315
268
681
842
812
549
357
643
1331
155
305
580
649
162
575
498
629
573
435
170
951
388
187
361
351
148
235
150
259
753
869
925
473
367
354
359
330
387
619
1100
580
357
752
171
318
260
959
547
288
235
452
510
284
583
363
215
227
371
370
802
497
423
212
331
468
421
264
1418
639
517
560
500
574
286
279
356
241
246
492
306
895
235
602
165
359
268
451
510
882
705
682
434
288
363
650
254
338
370
305
179
867
121
439
383
518
635
132
638
764
548
546
605
804
181
873
298
577
885
222
1062
1084
309
134
206
510
230
358
819
1016
630
522
457
300
372
642
315
517
735
575
550
438
149
240
139
109
118
104
339
915
526
567
489
420
998
216
300
319
354
331
280
315
1000
198
413
1009
156
576
583
350
532
562
435
609
636
442
790
806
272
241
1487
673
292
138
156
197
474
513
394
370
159
1094
720
674
254
687
342
240
383
210
490
514
269
216
573
481
962
504
363
711
705
558
107
190
698
396
553
731
782
913
668
855
374
133
264
202
342
638
813
176
621
854
655
183
415
646
421
282
194
927
907
640
373
757
705
468
593
198
705
206
684
645
446
632
237
659
761
461
489
360
544
410
344
751
689
376
482
252
374
245
391
192
470
261
674
1024
304
144
144
810
323
216
425
352
450
166
464
100
391
510
828
234
364
327
736
618
801
762
351
573
377
255
644
618
424
144
129
357
534
299
531
277
162
913
801
246
132
874
244
314
401
983
1110
275
129
483
136
363
115
557
246
115
171
350
256
291
702
276
271
532
154
174
746
162
421
1077
183
370
570
524
710
801
709
553
541
711
303
351
376
138
1534
669
688
343
432
261
441
714
453
690
217
441
581
167
592
1041
342
570
268
381
928
300
862
215
175
807
1244
512
192
162
348
546
504
129
803
580
234
611
439
317
626
422
303
247
341
839
429
302
563
420
452
396
446
431
575
439
341
464
366
518
837
235
510
587
138
591
426
165
170
462
393
351
606
153
415
129
294
1549
289
378
468
198
1407
147
439
535
214
190
129
683
270
113
354
160
171
1058
162
567
189
716
767
542
967
517
354
907
929
213
194
396
631
1067
574
1005
935
1817
1005
2636
270
875
129
228
155
493
149
1040
273
558
993
198
591
773
1233
566
1068
531
927
903
603
335
752
332
257
227
359
1078
327
609
438
604
462
790
709
278
483
264
746
253
675
457
429
231
878
508
657
1121
663
239
625
674
419
203
307
570
875
900
494
141
744
626
429
259
196
239
528
570
183
399
118
642
213
162
156
545
258
454
147
783
825
603
510
602
265
150
543
239
336
159
311
174
521
450
693
381
111
141
430
749
340
626
561
600
501
104
156
107
131
147
821
407
462
558
310
471
600
279
514
529
746
1010
458
528
636
747
439
1247
659
585
311
735
553
242
503
412
433
551
429
389
440
933
480
459
312
135
512
404
548
324
953
544
674
360
254
455
640
178
373
292
248
168
230
301
420
691
402
263
268
171
814
549
626
259
815
654
367
760
905
571
997
938
611
865
548
684
397
195
339
259
380
392
332
201
330
725
222
448
749
437
557
359
501
1246
1161
729
512
255
289
149
240
119
108
89
117
726
553
327
484
303
369
690
659
599
279
226
1026
545
321
912
261
297
171
201
523
519
182
309
252
688
712
434
620
543
666
182
163
341
577
908
128
342
450
195
234
1441
1386
351
573
460
153
165
1115
132
167
144
697
637
818
825
775
1053
310
195
369
394
360
610
317
410
431
965
574
374
574
1260
654
627
544
662
630
268
467
216
443
273
276
1225
471
84
605
411
705
613
523
493
840
466
701
811
438
824
743
340
391
393
138
186
192
439
923
357
795
558
156
272
348
597
190
275
607
413
587
729
177
570
441
521
356
364
312
355
162
281
299
261
229
210
299
273
268
277
222
467
132
225
289
647
484
105
441
243
289
245
150
400
610
728
105
258
274
905
520
498
524
635
129
472
394
570
577
366
258
198
328
553
761
622
736
243
152
928
551
774
691
552
537
158
98
194
150
184
432
485
454
347
374
761
682
153
643
296
539
200
273
665
1060
615
135
1371
379
418
442
387
743
323
333
883
846
351
1238
195
494
545
144
488
1194
776
337
409
672
153
587
122
330
249
467
752
1378
322
184
371
545
780
465
510
640
961
252
566
494
330
349
759
537
1292
631
787
258
173
166
576
1075
252
280
240
119
141
91
202
561
1002
436
171
183
444
1373
422
980
817
459
135
357
433
615
533
344
212
520
720
417
495
676
1112
279
249
219
776
439
279
752
408
146
423
954
651
129
171
380
198
1145
180
588
466
785
135
129
406
905
711
493
432
499
336
574
231
89
102
240
150
384
611
248
907
174
282
375
255
1310
472
824
276
913
327
849
253
89
113
240
125
779
541
315
658
499
689
294
464
593
536
329
455
355
225
90
209
239
525
518
307
356
428
621
655
577
357
648
129
107
240
88
124
240
104
175
446
654
201
374
318
240
285
2774
397
393
486
473
273
592
399
231
1102
129
107
121
198
292
709
323
624
587
1156
381
292
318
410
994
533
356
608
487
741
291
348
477
153
313
338
825
306
678
605
297
267
792
684
524
141
152
433
1231
263
818
186
565
741
453
477
375
744
561
797
465
213
427
575
201
463
228
493
246
212
471
189
505
318
864
576
704
632
282
633
876
485
365
512
837
489
196
378
808
445
460
434
209
231
705
105
120
145
1269
820
1443
493
543
594
274
285
735
874
434
205
370
358
1044
419
497
822
923
150
613
434
893
269
230
638
348
630
521
366
183
607
281
637
186
360
369
450
843
435
270
449
306
312
561
129
111
246
139
201
894
272
560
678
333
244
498
738
321
553
378
658
237
135
750
403
489
581
432
262
815
188
259
417
248
511
471
502
546
334
1183
765
1003
260
432
462
614
483
434
1070
149
155
910
280
1332
361
639
249
416
137
195
465
925
406
421
1483
564
390
846
553
557
465
389
710
1542
219
234
712
826
1189
801
824
657
826
1017
138
341
1069
818
84
201
432
262
767
339
172
1278
375
270
374
700
894
333
274
415
686
234
655
603
491
1134
864
228
188
165
621
270
862
626
765
333
165
669
434
282
306
132
758
725
688
1230
587
128
849
687
132
769
664
277
610
1564
1816
138
197
285
414
373
522
554
539
404
507
510
309
638
410
729
234
124
479
753
192
201
674
261
573
662
204
402
294
171
375
334
849
522
416
516
835
510
412
613
639
740
219
496
672
488
496
393
444
517
546
426
286
455
138
1028
921
551
315
162
268
254
186
1122
695
559
144
201
966
5976
448
213
113
1393
153
605
270
583
261
111
102
206
363
649
153
301
1491
243
553
281
239
204
561
201
219
421
757
830
912
429
231
804
312
870
649
239
501
387
361
259
963
745
332
726
608
448
155
418
204
486
347
637
883
428
1059
465
451
545
232
522
785
1014
558
530
479
649
129
546
278
597
378
206
126
1103
459
138
275
152
258
139
347
188
285
1215
239
123
285
220
1114
340
785
174
614
409
284
1262
543
204
159
228
746
861
649
639
395
291
559
480
275
431
515
594
578
1099
327
450
221
366
268
614
616
156
701
1044
411
560
689
200
752
370
132
542
929
630
328
189
174
491
164
653
556
234
589
501
656
400
147
858
721
1262
465
1085
182
543
285
294
666
321
304
242
200
396
548
702
432
365
248
257
269
796
811
648
877
402
622
177
672
436
198
724
537
391
477
634
383
709
712
690
940
1575
198
851
222
303
243
801
632
782
574
471
531
267
743
611
198
144
786
438
279
1007
188
624
524
424
848
304
257
867
683
529
427
388
547
566
468
679
642
859
126
268
221
360
363
138
465
858
366
993
219
186
817
385
410
153
171
270
207
167
220
268
244
375
186
441
684
375
1070
729
470
129
501
171
260
262
219
226
1073
159
146
150
259
272
126
180
184
192
101
508
748
480
448
289
285
470
435
258
495
374
471
905
378
767
623
689
718
238
210
239
279
544
201
310
177
294
484
265
593
498
423
595
660
135
472
252
213
460
501
636
667
202
160
750
467
788
746
622
785
180
582
342
1080
378
476
138
1628
665
616
132
135
423
713
433
258
299
268
257
355
697
320
251
947
252
788
286
515
580
207
279
138
1070
159
331
140
897
141
291
728
593
510
228
261
472
708
473
400
218
330
336
870
347
275
537
783
879
695
228
144
671
768
641
312
219
375
152
191
330
165
1734
615
180
635
422
695
629
367
520
166
612
864
197
144
575
717
417
159
466
189
1310
962
356
647
219
1011
542
1222
183
449
300
399
972
353
573
174
477
165
549
495
512
645
573
129
183
394
609
196
588
376
1249
811
527
414
297
541
211
142
228
200
232
489
328
595
189
755
165
299
670
383
743
846
788
811
549
390
393
554
516
491
969
482
1067
664
526
596
303
343
960
423
892
564
467
1189
717
311
365
482
552
370
760
166
354
377
684
491
303
331
443
481
354
352
531
404
364
141
350
464
629
349
441
517
616
195
534
278
465
1170
536
1368
533
216
779
479
552
438
596
677
138
469
884
312
208
360
378
677
879
481
516
1167
871
631
162
387
744
1008
340
468
411
744
267
925
625
746
667
910
144
1235
558
653
329
857
272
238
655
190
433
411
830
719
560
558
152
387
848
494
994
871
369
561
708
192
525
165
604
577
363
598
572
1347
180
138
237
372
388
147
476
607
364
500
521
763
144
156
395
269
572
366
468
659
376
168
489
694
267
338
881
627
451
703
168
502
598
204
573
266
282
709
227
416
1028
453
132
497
163
405
230
428
324
584
131
180
198
233
275
428
732
487
221
339
251
281
440
726
249
565
453
396
228
150
318
461
296
197
1016
396
362
225
584
510
1068
500
1109
729
150
453
373
407
150
299
636
132
347
223
124
430
570
491
385
733
539
354
494
827
288
282
414
565
491
395
343
302
129
533
498
771
547
659
153
699
653
490
539
148
285
678
1084
120
453
461
219
167
690
528
144
405
165
470
490
659
1247
556
367
1019
589
181
279
328
959
187
531
126
554
628
186
205
141
405
443
255
135
672
440
794
1354
194
377
246
461
135
162
342
293
230
680
740
291
225
262
191
156
718
405
381
131
247
222
285
184
619
119
252
135
364
219
368
401
174
617
180
233
186
277
185
234
396
91
141
701
283
240
573
313
122
490
504
299
705
324
469
532
1176
334
104
131
602
660
100
992
454
102
325
324
252
168
319
170
129
286
179
319
182
183
198
455
547
219
144
294
225
346
401
151
452
141
484
312
192
135
183
303
0
